Vector Kr : 
195
221
50
52
80
217
4
79
182
53
74
185
77
220
22
109
183
105
191
12
254
89
181
149
4
53
133
64
202
212
155
109
63
53
31
167
102
243
52
191
159
64
34
213
143
27
30
111
5
57
30
155
198
12
4
150
47
135
109
47
51
11
207
221
75
222
104
196
35
165
43
133
246
164
156
105
49
159
249
60
167
149
75
98
213
209
249
17
53
134
59
192
229
93
236
210
15
211
248
209
25
98
182
90
234
173
39
176
202
214
45
198
49
201
73
172
52
85
166
234
194
118
216
69
10
37
236
15
47
104
126
161
186
138
23
75
83
156
184
85
191
191
107
42
114
36
188
32
81
194
202
58
93
67
212
250
66
158
190
125
56
155
167
229
196
60
232
241
247
70
183
231
26
206
4
247
118
253
205
143
166
235
82
155
44
91
179
50
146
161
58
247
235
138
130
199
19
16
178
232
Vector Kc : 
58
224
63
31
222
139
36
160
161
203
94
180
241
230
9
164
229
81
104
222
206
21
109
48
177
29
171
107
46
135
162
42
210
36
225
218
236
39
157
255
194
128
231
84
69
86
209
47
124
152
195
174
163
157
210
40
233
7
203
212
26
219
236
232
195
49
13
148
146
59
139
20
63
234
16
160
253
168
70
175
196
240
177
107
181
76
191
170
57
244
233
45
245
57
224
183
67
228
239
45
181
225
48
126
196
61
232
102
93
56
70
87
132
148
43
91
5
147
205
251
253
179
197
140
123
242
224
204
71
152
191
101
173
159
192
35
224
198
26
241
20
212
40
136
212
218
57
38
4
226
232
80
152
27
72
97
196
153
75
156
78
130
1
61
232
127
112
99
88
83
249
33
85
249
123
17
49
153
30
123
160
113
227
105
214
130
82
231
55
165
69
92
99
131
3
0
142
94
100
182
ITER_MAX : 
1
